Time (s)	Cell 1 (mV)	Cell 2 (mV)	Cell 3 (mV)	bio (mV)
0.0015	-1.80637e-225	-60	-60	-60
0.0115	-1.06947e-227	240	240	240
0.0209	-8.61363e-230	200	200	200
0.0247	-1.22654e-230	-180	-180	-180
0.027	-3.76987e-231	27	27	27
0.0292	-1.21968e-231	-2.7	-2.7	-2.7
0.0314	-3.94607e-232	0.27	0.27	0.27
0.0339	-1.0946e-232	-0.0675	-0.0675	-0.0675
0.0363	-3.19611e-233	0.0135	0.0135	0.0135
0.0382	-1.20606e-233	0.000675	0.000675	0.000675
0.0403	-4.10739e-234	-3.375e-05	-3.375e-05	-3.375e-05
0.0426	-1.26243e-234	5.0625e-06	5.0625e-06	5.0625e-06
0.0447	-4.29936e-235	-2.53125e-07	-2.53125e-07	-2.53125e-07
0.0471	-1.25537e-235	5.0625e-08	5.0625e-08	5.0625e-08
0.0496	-3.48226e-236	-1.26563e-08	-1.26563e-08	-1.26563e-08
0.0513	-1.456e-236	-1.89844e-09	-1.89844e-09	-1.89844e-09
0.0532	-5.49428e-237	-9.49219e-11	-9.49219e-11	-9.49219e-11
0.0553	-1.87114e-237	4.74609e-12	4.74609e-12	4.74609e-12
0.0577	-5.46352e-238	-9.49219e-13	-9.49219e-13	-9.49219e-13
0.0594	-2.28441e-238	-1.42383e-13	-1.42383e-13	-1.42383e-13
0.0611	-9.55159e-239	-2.13574e-14	-2.13574e-14	-2.13574e-14
0.0631	-3.42411e-239	0	0	0
0.0651	-1.22749e-239	0	0	0
0.0668	-5.13241e-240	0	0	0
0.0684	-2.25891e-240	0	0	0
0.0701	-9.44496e-241	0	0	0
0.073	-2.13395e-241	0	0	0
0.0746	-9.39209e-242	0	0	0
0.0762	-4.13371e-242	0	0	0
0.078	-1.64197e-242	0	0	0
0.0797	-6.8654e-243	0	0	0
0.0821	-2.00462e-243	0	0	0
0.0839	-7.96265e-244	0	0	0
0.0857	-3.16288e-244	0	0	0
0.0876	-1.19352e-244	0	0	0
0.0897	-4.06468e-245	0	0	0
0.0913	-1.78897e-245	0	0	0
0.0936	-5.49854e-246	0	0	0
0.096	-1.60551e-246	0	0	0
0.0982	-5.19437e-247	0	0	0
0.0998	-2.28618e-247	0	0	0
0.1014	-1.00621e-247	0	0	0
0.1031	-4.20717e-248	0	0	0
0.1049	-1.67115e-248	0	0	0
0.1071	-5.40672e-249	0	0	0
0.1088	-2.26066e-249	0	0	0
0.1106	-8.97966e-250	0	0	0
0.1134	-2.13561e-250	0	0	0
0.1151	-8.9294e-251	0	0	0
0.1167	-3.93007e-251	0	0	0
0.1184	-1.64324e-251	0	0	0
0.1202	-6.52719e-252	0	0	0
0.1227	-1.81057e-252	0	0	0
0.1244	-7.57038e-253	0	0	0
0.1262	-3.00706e-253	0	0	0
0.1284	-9.72886e-254	0	0	0
0.1304	-3.48766e-254	0	0	0
0.1322	-1.38535e-254	0	0	0
0.1353	-2.82482e-255	0	0	0
0.1382	-6.38227e-256	0	0	0
0.1411	-1.44198e-256	0	0	0
0.1432	-4.91084e-257	0	0	0
0.1452	-1.76047e-257	0	0	0
0.1478	-4.63918e-258	0	0	0
0.1495	-1.93974e-258	0	0	0
0.1514	-7.31966e-259	0	0	0
0.1549	-1.21567e-259	0	0	0
0.1567	-4.82883e-260	0	0	0
0.1585	-1.91808e-260	0	0	0
0.1602	-8.01989e-261	0	0	0
0.1628	-2.1134e-261	0	0	0
0.1646	-8.39473e-262	0	0	0
0.1662	-3.69475e-262	0	0	0
0.168	-1.46761e-262	0	0	0
0.1698	-5.82954e-263	0	0	0
0.1723	-1.61705e-263	0	0	0
0.1741	-6.42317e-264	0	0	0
0.1758	-2.68566e-264	0	0	0
0.1777	-1.01344e-264	0	0	0
0.1797	-3.63305e-265	0	0	0
0.1813	-1.599e-265	0	0	0
0.1831	-6.35147e-266	0	0	0
0.1851	-2.27691e-266	0	0	0
0.1875	-6.64833e-267	0	0	0
0.1891	-2.92611e-267	0	0	0
0.1907	-1.28786e-267	0	0	0
0.1924	-5.3848e-268	0	0	0
0.1942	-2.13892e-268	0	0	0
0.1962	-7.66772e-269	0	0	0
0.1979	-3.20603e-269	0	0	0
0.1997	-1.27348e-269	0	0	0
0.2014	-5.32468e-270	0	0	0
0.2039	-1.47701e-270	0	0	0
0.2055	-6.50072e-271	0	0	0
0.2073	-2.58218e-271	0	0	0
0.209	-1.07966e-271	0	0	0
0.2108	-4.28857e-272	0	0	0
0.2132	-1.25222e-272	0	0	0
0.2151	-4.72528e-273	0	0	0
0.2169	-1.87695e-273	0	0	0
0.2187	-7.45551e-274	0	0	0
0.2212	-2.06808e-274	0	0	0
0.223	-8.21471e-275	0	0	0
0.2248	-3.263e-275	0	0	0
0.2266	-1.29611e-275	0	0	0
0.2291	-3.59528e-276	0	0	0
0.2308	-1.50326e-276	0	0	0
0.2326	-5.97116e-277	0	0	0
0.235	-1.74351e-277	0	0	0
0.2374	-5.09087e-278	0	0	0
0.2394	-1.825e-278	0	0	0
0.2412	-7.24918e-279	0	0	0
0.2443	-1.47816e-279	0	0	0
0.246	-6.18047e-280	0	0	0
0.2478	-2.45497e-280	0	0	0
0.2496	-9.7515e-281	0	0	0
0.2513	-4.0773e-281	0	0	0
0.2537	-1.19053e-281	0	0	0
0.2557	-4.26787e-282	0	0	0
0.2575	-1.69526e-282	0	0	0
0.2593	-6.73381e-283	0	0	0
0.2614	-2.29328e-283	0	0	0
0.2633	-8.65377e-284	0	0	0
0.2653	-3.10225e-284	0	0	0
0.2672	-1.17065e-284	0	0	0
0.2697	-3.24725e-285	0	0	0
0.2714	-1.35774e-285	0	0	0
0.2733	-5.12349e-286	0	0	0
0.2753	-1.8367e-286	0	0	0
0.2777	-5.36296e-287	0	0	0
0.2794	-2.24236e-287	0	0	0
0.2811	-9.37577e-288	0	0	0
0.284	-2.11832e-288	0	0	0
0.2858	-8.41427e-289	0	0	0
0.2875	-3.51818e-289	0	0	0
0.2893	-1.39747e-289	0	0	0
0.2911	-5.55095e-290	0	0	0
0.2936	-1.53978e-290	0	0	0
0.2953	-6.43812e-291	0	0	0
0.2972	-2.42945e-291	0	0	0
0.2991	-9.16761e-292	0	0	0
0.3012	-3.12214e-292	0	0	0
0.303	-1.24016e-292	0	0	0
0.3049	-4.67978e-293	0	0	0
0.3067	-1.85887e-293	0	0	0
0.3093	-4.89851e-294	0	0	0
0.311	-2.04817e-294	0	0	0
0.3129	-7.72883e-295	0	0	0
0.3149	-2.77068e-295	0	0	0
0.3174	-7.68557e-296	0	0	0
0.3192	-3.05282e-296	0	0	0
0.321	-1.21262e-296	0	0	0
0.3229	-4.57587e-297	0	0	0
0.3249	-1.64039e-297	0	0	0
0.3272	-5.04184e-298	0	0	0
0.3291	-1.90256e-298	0	0	0
0.3309	-7.55723e-299	0	0	0
0.334	-1.54097e-299	0	0	0
0.3357	-6.44311e-300	0	0	0
0.3376	-2.43133e-300	0	0	0
0.3394	-9.6576e-301	0	0	0
0.3417	-2.96833e-301	0	0	0
0.3435	-1.17906e-301	0	0	0
0.3454	-4.44923e-302	0	0	0
0.3472	-1.7673e-302	0	0	0
0.349	-7.01997e-303	0	0	0
0.351	-2.51656e-303	0	0	0
0.3528	-9.99613e-304	0	0	0
0.3547	-3.77208e-304	0	0	0
0.3565	-1.49832e-304	0	0	0
0.3589	-4.37494e-305	0	0	0
0.3606	-1.82925e-305	0	0	0
0.3626	-6.55761e-306	0	0	0
0.3646	-2.35081e-306	0	0	0
0.367	-6.86411e-307	0	0	0
0.3688	-2.72652e-307	0	0	0
0.3705	-1.14001e-307	0	0	0
0.3735	-2.44691e-308	0	0	0
0.3753	-9.71949e-309	0	0	0
0.3771	-3.86072e-309	0	0	0
0.379	-1.45686e-309	0	0	0
0.3808	-5.78684e-310	0	0	0
0.3834	-1.52495e-310	0	0	0
0.3852	-6.05732e-311	0	0	0
0.3871	-2.28575e-311	0	0	0
0.389	-8.62536e-312	0	0	0
0.3912	-2.79059e-312	0	0	0
0.3931	-1.05304e-312	0	0	0
0.3951	-3.775e-313	0	0	0
0.397	-1.42451e-313	0	0	0
0.3994	-4.15941e-314	0	0	0
0.4012	-1.65218e-314	0	0	0
0.4032	-5.92283e-315	0	0	0
0.4053	-2.01709e-315	0	0	0
0.4078	-5.59519e-316	0	0	0
0.4096	-2.22249e-316	0	0	0
0.4115	-8.38665e-317	0	0	0
0.4146	-1.71009e-317	0	0	0
0.4164	-6.79274e-318	0	0	0
0.4183	-2.56327e-318	0	0	0
0.4202	-9.67257e-319	0	0	0
0.4233	-1.97231e-319	0	0	0
0.4251	-7.8344e-320	0	0	0
0.427	-2.95649e-320	0	0	0
0.4288	-1.17439e-320	0	0	0
0.4309	-3.99699e-321	0	0	0
0.4328	-1.5069e-321	0	0	0
0.4347	-5.68175e-322	0	0	0
0.4365	-2.2727e-322	0	0	0
0.4385	-7.90505e-323	0	0	0
0.4411	-1.97626e-323	0	0	0
0.4435	-4.94066e-324	0	0	0
0.4455	0	0	0	0
0.4482	0	0	0	0
0.45	0	0	0	0
0.452	0	0	0	0
0.454	0	0	0	0
0.4565	0	0	0	0
0.4583	0	0	0	0
0.4601	0	0	0	0
0.463	0	0	0	0
0.4648	0	0	0	0
0.4665	0	0	0	0
0.4685	0	0	0	0
0.4704	0	0	0	0
0.4729	0	0	0	0
0.4747	0	0	0	0
0.4766	0	0	0	0
0.4786	0	0	0	0
0.4808	0	0	0	0
0.4827	0	0	0	0
0.4847	0	0	0	0
0.4866	0	0	0	0
0.4891	0	0	0	0
0.4909	0	0	0	0
0.4929	0	0	0	0
0.495	0	0	0	0
0.4979	0	0	0	0
0.4999	0	0	0	0
0.5018	0	0	0	0
0.505	0	0	0	0
0.5069	0	0	0	0
0.5088	0	0	0	0
0.5107	0	0	0	0
0.5133	0	0	0	0
0.5151	0	0	0	0
0.517	0	0	0	0
0.5189	0	0	0	0
0.521	0	0	0	0
0.5229	0	0	0	0
0.525	0	0	0	0
0.527	0	0	0	0
0.5295	0	0	0	0
0.5313	0	0	0	0
0.5333	0	0	0	0
0.5353	0	0	0	0
0.538	0	0	0	0
0.5398	0	0	0	0
0.5417	0	0	0	0
0.5448	0	0	0	0
0.5467	0	0	0	0
0.5485	0	0	0	0
0.5503	0	0	0	0
0.5532	0	0	0	0
0.555	0	0	0	0
0.5569	0	0	0	0
0.5588	0	0	0	0
0.5607	0	0	0	0
0.5631	0	0	0	0
0.5652	0	0	0	0
0.5672	0	0	0	0
0.5691	0	0	0	0
0.5713	0	0	0	0
0.5734	0	0	0	0
0.5754	0	0	0	0
0.5773	0	0	0	0
0.5798	0	0	0	0
0.5817	0	0	0	0
0.5838	0	0	0	0
0.5862	0	0	0	0
0.5881	0	0	0	0
0.59	0	0	0	0
0.5929	0	0	0	0
0.5948	0	0	0	0
0.5966	0	0	0	0
0.5985	0	0	0	0
0.6004	0	0	0	0
0.6032	0	0	0	0
0.605	0	0	0	0
0.6069	0	0	0	0
0.6089	0	0	0	0
0.611	0	0	0	0
0.6129	0	0	0	0
0.6148	0	0	0	0
0.6168	0	0	0	0
0.619	0	0	0	0
0.6208	0	0	0	0
0.6228	0	0	0	0
0.6247	0	0	0	0
0.6269	0	0	0	0
0.6288	0	0	0	0
0.6307	0	0	0	0
0.6334	0	0	0	0
0.6354	0	0	0	0
0.6373	0	0	0	0
0.6391	0	0	0	0
0.6411	0	0	0	0
0.6434	0	0	0	0
0.6452	0	0	0	0
0.6472	0	0	0	0
0.6492	0	0	0	0
0.6513	0	0	0	0
0.6533	0	0	0	0
0.6551	0	0	0	0
0.6571	0	0	0	0
0.6592	0	0	0	0
0.6611	0	0	0	0
0.6634	0	0	0	0
0.6655	0	0	0	0
0.6679	0	0	0	0
0.67	0	0	0	0
0.6721	0	0	0	0
0.6741	0	0	0	0
0.6763	0	0	0	0
0.6782	0	0	0	0
0.6801	0	0	0	0
0.6827	0	0	0	0
0.6846	0	0	0	0
0.6864	0	0	0	0
0.6884	0	0	0	0
0.6903	0	0	0	0
0.6926	0	0	0	0
0.6945	0	0	0	0
0.6963	0	0	0	0
0.6983	0	0	0	0
0.7004	0	0	0	0
0.7024	0	0	0	0
0.7044	0	0	0	0
0.7064	0	0	0	0
0.7087	0	0	0	0
0.7106	0	0	0	0
0.7127	0	0	0	0
0.7147	0	0	0	0
0.7169	0	0	0	0
0.7188	0	0	0	0
0.7207	0	0	0	0
0.7234	0	0	0	0
0.7253	0	0	0	0
0.7272	0	0	0	0
0.729	0	0	0	0
0.731	0	0	0	0
0.7333	0	0	0	0
0.7352	0	0	0	0
0.7372	0	0	0	0
0.7392	0	0	0	0
0.7414	0	0	0	0
0.7434	0	0	0	0
0.7453	0	0	0	0
0.7474	0	0	0	0
0.7496	0	0	0	0
0.7515	0	0	0	0
0.7536	0	0	0	0
0.7556	0	0	0	0
0.7578	0	0	0	0
0.7597	0	0	0	0
0.7616	0	0	0	0
0.7643	0	0	0	0
0.7663	0	0	0	0
0.7682	0	0	0	0
0.7702	0	0	0	0
0.773	0	0	0	0
0.7749	0	0	0	0
0.7768	0	0	0	0
0.7789	0	0	0	0
0.7811	0	0	0	0
0.7831	0	0	0	0
0.785	0	0	0	0
0.787	0	0	0	0
0.7891	0	0	0	0
0.791	0	0	0	0
0.793	0	0	0	0
0.795	0	0	0	0
0.7973	0	0	0	0
0.7992	0	0	0	0
0.8011	0	0	0	0
0.8033	0	0	0	0
0.8055	0	0	0	0
0.8075	0	0	0	0
0.8094	0	0	0	0
0.8114	0	0	0	0
0.8137	0	0	0	0
0.8156	0	0	0	0
0.8175	0	0	0	0
0.8195	0	0	0	0
0.8218	0	0	0	0
0.8238	0	0	0	0
0.8258	0	0	0	0
0.8279	0	0	0	0
0.8301	0	0	0	0
0.8321	0	0	0	0
0.8341	0	0	0	0
0.8362	0	0	0	0
0.8385	0	0	0	0
0.8404	0	0	0	0
0.8425	0	0	0	0
0.8445	0	0	0	0
0.8466	0	0	0	0
0.8486	0	0	0	0
0.8506	0	0	0	0
0.8534	0	0	0	0
0.8554	0	0	0	0
0.8573	0	0	0	0
0.8593	0	0	0	0
0.8613	0	0	0	0
0.8636	0	0	0	0
0.8655	0	0	0	0
0.8675	0	0	0	0
0.8696	0	0	0	0
0.8718	0	0	0	0
0.8739	0	0	0	0
0.8758	0	0	0	0
0.8779	0	0	0	0
0.8801	0	0	0	0
0.8822	0	0	0	0
0.8842	0	0	0	0
0.8862	0	0	0	0
0.8885	0	0	0	0
0.8905	0	0	0	0
0.8926	0	0	0	0
0.8947	0	0	0	0
0.8969	0	0	0	0
0.8991	0	0	0	0
0.9013	0	0	0	0
0.9043	0	0	0	0
0.9067	0	0	0	0
0.9087	0	0	0	0
0.9109	0	0	0	0
0.9133	0	0	0	0
0.9156	0	0	0	0
0.9178	0	0	0	0
0.9203	0	0	0	0
0.9224	0	0	0	0
0.9246	0	0	0	0
0.9267	0	0	0	0
0.929	0	0	0	0
0.9309	0	0	0	0
0.9331	0	0	0	0
0.9354	0	0	0	0
0.9379	0	0	0	0
0.94	0	0	0	0
0.9433	0	0	0	0
0.9453	0	0	0	0
0.9473	0	0	0	0
0.9494	0	0	0	0
0.9515	0	0	0	0
0.9542	0	0	0	0
0.9565	0	0	0	0
0.9587	0	0	0	0
0.9611	0	0	0	0
0.9632	0	0	0	0
0.9654	0	0	0	0
0.9675	0	0	0	0
0.9702	0	0	0	0
0.9724	0	0	0	0
0.9747	0	0	0	0
0.9774	0	0	0	0
0.9794	0	0	0	0
0.9815	0	0	0	0
0.9851	0	0	0	0
0.9873	0	0	0	0
0.9894	0	0	0	0
0.9915	0	0	0	0
0.9943	0	0	0	0
0.9963	0	0	0	0
0.9984	0	0	0	0
1.0006	0	0	0	0
